0       678
1       10567
2       2903
3       1853
4       1368
5       990
6       786
7       619
8       503
9       395
10      319
11      252
12      220
13      197
14      166
15      148
16      120
17      103
18      94
19      80
20      47
21      64
22      45
23      38
24      28
25      29
26      34
27      24
28      22
29      21
30      30
31      23
32      15
33      18
34      15
35      10
36      16
37      13
38      4
39      6
40      11
41      11
42      5
43      8
44      6
45      5
46      7
47      5
48      11
49      3
50      7
51      5
52      4
53      4
54      2
55      3
56      3
57      4
58      6
59      1
60      1
61      3
62      1
63      6
64      4
65      2
