0       1130
1       3185
2       2225
3       1588
4       1101
5       915
6       670
7       501
8       401
9       319
10      251
11      188
12      145
13      134
14      121
15      88
16      72
17      57
18      56
19      40
20      36
21      26
22      30
23      27
24      26
25      26
26      19
27      13
28      19
29      13
30      7
31      13
32      7
33      7
34      6
35      12
36      6
37      8
38      4
39      6
40      7
41      8
42      2
43      6
44      4
45      2
46      9
47      6
48      6
49      1
50      7
51      7
52      3
53      3
54      2
55      4
57      2
58      5
59      1
61      5
62      1
63      2
64      2
65      2
